0
71
36
113
35
-4
-9
-113
-48
-61
-32
73
33
101
63
-10
9
-101
-68
-48
-58
64
38
82
91
-10
17
-79
-89
-39
-74
45
49
60
109
1
15
-49
-105
-35
-78
16
61
42
117
21
7
-21
-112
-41
-73
-17
68
31
111
49
-1
4
-108
-56
-61
-47
66
30
95
76
-6
19
-91
-75
-48
-70
54
37
74
100
-2
23
-65
-94
-39
-82
30
48
52
115
12
19
-34
-107
-38
-82
-1
59
35
117
35
10
-6
-110
-46
-74
-33
63
27
107
62
2
16
-100
-62
-60
-62
58
28
88
89
0
27
-79
-80
-46
-80
41
37
65
109
6
28
-50
-97
-39
-88
14
47
43
118
23
22
-20
-107
-40
-84
-18
56
29
116
47
12
8
-104
-51
-73
-49
56
23
101
75
5
26
-90
-67
-57
-74
47
26
79
99
5
34
-66
-85
-45
-89
27
35
55
115
16
33
-35
-98
-39
-92
-3
45
35
120
34
24
-4
-103
-43
-84
-34
51
22
112
60
15
20
-97
-55
-70
-64
49
19
93
86
10
36
-78
-72
-55
-86
36
23
69
107
12
41
-50
-88
-44
-96
12
34
45
119
25
36
-19
-99
-40
-94
-18
43
26
118
46
27
10
-99
-45
-84
-50
47
15
105
71
18
33
-88
-59
-67
-77
40
15
83
95
14
45
-64
-75
-51
-95
23
22
58
113
19
46
-35
-90
-42
-100
-3
32
34
120
35
39
-2
-97
-41
-95
-34
40
18
114
56
28
25
-92
-49
-81
-65
40
10
97
82
20
44
-76
-62
-63
-89
29
12
72
103
19
52
-49
-78
-48
-102
9
20
46
117
27
50
-18
-90
-40
-103
-19
29
24
119
44
41
13
-92
-41
-93
-51
35
9
109
67
30
38
-83
-51
-77
-78
31
4
87
91
24
54
-63
-65
-59
-99
18
9
61
109
24
58
-34
-79
-44
-107
-6
18
34
118
35
52
-2
-87
-38
-103
-35
26
14
115
53
42
28
-86
-41
-89
-65
29
2
100
76
31
51
-72
-53
-70
-90
22
0
76
98
26
62
-48
-66
-53
-107
5
5
48
114
30
62
-18
-79
-41
-109
-19
15
22
118
43
54
15
-84
-37
-102
-50
22
4
109
62
43
43
-78
-42
-84
-79
22
-6
90
85
33
61
-60
-54
-65
-100
12
-5
63
104
30
68
-33
-67
-47
-111
-8
3
35
115
36
65
-1
-77
-37
-110
-35
12
10
115
51
55
31
-77
-35
-98
-65
17
-6
101
71
43
55
-68
-43
-78
-90
14
-12
78
92
35
71
-46
-55
-57
-109
1
-8
49
108
33
73
-16
-67
-41
-114
-21